You are now connected to database "nc_art_gallery" as user "danika".
 sales_price |  min  |   max   | average | price_diff_from_average 
-------------+-------+---------+---------+-------------------------
     4000.00 | 50.00 | 4000.00 | 1558.33 |                 2441.67
     2500.00 | 50.00 | 4000.00 | 1558.33 |                  941.67
     2300.00 | 50.00 | 4000.00 | 1558.33 |                  741.67
      300.00 | 50.00 | 4000.00 | 1558.33 |                -1258.33
      200.00 | 50.00 | 4000.00 | 1558.33 |                -1358.33
       50.00 | 50.00 | 4000.00 | 1558.33 |                -1508.33
(6 rows)

 sales_price |  min  |   max   | average | price_diff_from_average 
-------------+-------+---------+---------+-------------------------
     2500.00 | 50.00 | 4000.00 | 1558.33 |                  941.67
     2300.00 | 50.00 | 4000.00 | 1558.33 |                  741.67
      300.00 | 50.00 | 4000.00 | 1558.33 |                -1258.33
     4000.00 | 50.00 | 4000.00 | 1558.33 |                 2441.67
      200.00 | 50.00 | 4000.00 | 1558.33 |                -1358.33
       50.00 | 50.00 | 4000.00 | 1558.33 |                -1508.33
(6 rows)

